76572966730
244522334166
140963912610038
900623940075873
81799160392
1627359344183935
125519154149826
112730245512044
111600168879670
893025597432942
1278588668869602
113587642048628
1467326516837468
400459509980704
204796288056
110218607088
460616340718401
115871078450216
194770050559253
158432803626
110672390151
387720674679210
162582397179026
241760859178565
1506856216291733
302922689843295
565591966822999
656413281060833
88178147425
1487438748234029
855649501249664
149654845218948
254220078394
123382544360319
109261245800369
244786155625939
6188139549
155371377809667
112532029415269
132279683465270
148828178479371
174432289272566
209287412463863
131684623599386
387025481482462
169855230242704
31281413763
111170002310044
13506492214
273283009364910
1186844034699220
326159524087218
61042715381
131298263665
482007211949868
331760023635476
969879669689375
313151852453022
327439754266053
144283395637153
1154883287929725
1908291439398112
679896775371498
614321531911590
177058165989268
200865220056829
435804926554393
1606397429626134
111835098868368
1533456340295400
288159124528644
320396364710179
178293695640274
375512699170354
699589383427090
543659259057602
289409510326
83206957085
122301977925729
706448029413348
153922781324265
345224461903
116865085004357
125356810924312
134057479977766
149679208525535
42410541989
101893509900302
207003172700992
120345607982808
88171009501
276755938568
426259667425906
43108655697
187525474724060
199451837440
63852362529
13371385638
1553809511531642
155159417872388
1392525320972248
626517844103077
87525532826
72829254361
1420701531570713
217539842294
59016522192
1838050716463953
117083988311403
1253951314714974
298025828835
354813141241002
196493213744051
1476908152575410
110832188824
211455715731141
117621198296595
291526420953122
396688027161445
121105191279987
344591279283641
1571720729729266
905478706176556
201610406530089
89258682678
598457146890166
173560292685501
202386856448988
135120153182574
180615775324042
105242212984653
145918188782552
44779019428
156408567850376
738483189530713
1587613794863334
53209401403
142948185903983
827188117292549
403748766629293
1604493883099617
108590189177926
340216689666849
499195936761864
432726083575933
834674449884716
1425853730989935
361865723981809
108988662463007
398881926948600
259915097506944
121300224606595
547635815357798
1480388688872094
130095473719616
432369120194164
463794160405361
183921715280065
47198108153
371939026267570
722867284429157
224789315740
258399660876
13208975210
566830823327477
195003197213991
62816367742
247738312005031
214902775510767
220547907978921
41281188321
249266791608
108197475888888
420818448030538
138464052836563
368290343192673
76876597087
1128225953928515
13259856990
22200834587
252836024763296
33719209638
236413773449826
9496758630
116523558402950
118108988206011
117289934956132
228592163985538
492592920783617
73838326486
80027618520
658150967661080
137491300226
493453464001577
1481627258811897
1075393335842652
6792809646
482157021943330
135226973268349
1442394392721873
133828389539
1535137133403883
10150106138530346
271430043006856
155609804490138
139637142457
149214031850773
21746733372
227727290916206
252448528545102
815155275315815
597727020354247
121361524549409
332683443433604
378625068969827
198448093903071
141759312695491
1868533053435763
1658560377753989
180014765605
46379889241
661469870625899
64407280387
366732906764221
1034191263312436
430863396948402
190074009287
412862988880600
344680405677118
1405799523074839
333526520000880
1472505826328481
278407115702132
90982243705
947114361965302
1114672591882477
463273243814163
241481665960449
104412679695542
1531648886926016
640825486022919
1530686893814642
174566939284174
842601985809307
1541374122744410
856336141061659
116332288394562
162374807124000
160631380663944
107397432654897
117011579309
620888774601843
259653807427031
187167738032160
155971554446708
120938464586681
102711469265
179202275467127
149498755070391
109541332448634
249010452111818
282197041877005
490050944395723
114005421986700
110331654321
1430753637157410
1048645201829768
40802057445
123054504440090
1550297385259205
42722042987
154437651316657
232763826780609
110970792260960
53609838653
417010061673910
1428278830813987
6759428243
1652793465024800
1054189981321813
116526495433
235479909951131
367354818767
50775222658
55612263875
435949913433818
187258591295156
535261263248605
162708793742646
43649272567
155315554494533
9739878065
252649725092851
38387070993
145395046739
387743947926883
391133507586353
951230831604901
751926814905374
1483155785318064
140911600465
746493325481607
871002482922939
104111566292291
105606199472966
994565667262500
250727588683398
113372147922
511240712395814
238264899965044
98214095056
451134684973943
10054034418
121524311225879
793830864003120
180721265606069
201213772213
116685301689807
77734541596
176509002880
639946286070327
199893652453
150615444989163
473411366015007
1522472954742953
183971535060688
198297294028273
118215711703812
40942699251
108424279189115
288654617872581
366989416681962
1583938251850122
1585136261780262
53531242390
565478420250640
261192527320689
398740566814435
116216015073754
149278388420975
113300245369817
187845019668
1616789265257611
167752833254557
82675316485
111441738884670
1420138941560422
206629746366697
13852349119
179990321859
269601110047755
153674264648238
124952377518873
160907287483
439254869558362
172356952901325
101881036520836
26980782126
129964737019707
1598271200458469
115510493760
690614047623289
143107465757193
310329252426101
114144721949466
123949727761340
84764828582
501729249927237
91235284826
102112539860027
1225038400890401
1641814289366822
108593822498589
180615265210
302293386519199
361503023900723
146173908739985
174280886085291
125680027523521
182579587499
113337539253253
136061409826293
1056839304414115
242825109126685
515647271966512
318280501516977
291055827609675
237593433077992
1433076633572811
130663837793
113171512032810
164219897105999
154073501290990
702613053122834
115700035146439
1598123590494014
235315878891
114469291967508
122653285197
1483565394996930
112520822135217
480442951994854
102012133485263
114778915438
208600265862980
1409186219330565
539608922858247
158687020817713
26534777484
145596178853826
334500704294
239771329476468
293603943988876
136901489669031
111755191944
182703751775460
128387007213185
173326810861
128987040452064
112034172147397
768319583287478
80532269136
44539637473
195784687121608
60049522754
51855419446
122048054472217
84059772853
1518547261794557
191024104280420
1144070019039618
120299377982194
47110123013
957035710991515
883127418389946
115260061826366
112343828776032
773553829348670
137454806323753
943482309045130
1394650994190949
218181118208717
629832523869528
447364188689267
103216483017
387911761272060
171166299570754
203170207375
309198005793446
890223040995888
308998312622863
151219101575917
41501943927
43223841901
241538312664060
54509720467
116516125038948
133169830064933
113980191967512
150075168341510
258506716649
55704731656
235428076756
110611758965183
150613724978932
42525143599
255872051117815
281050002954
149609895058237
179168892115315
121227847921580
1545796375482575
190098121448002
1678810535666545
142583959552
583771005002941
600252870016327
182132582214
208787746849
101799163195545
247400930777
1841260612776967
59544598337
112242015457734
167781316571251
171672752892602
114747091913246
123779520981543
343931192359284
49836383582
175251505825908
264623663661777
188176671231596
228258993964881
503168619741815
159816844056525
570895262929768
68560506220
863784790309587
15599955042
58033895613
487323251362444
218308730509
128170877244475
117750594918159
139096082092
513463865345961
167133623676
208295562600050
111490328891352
119314404748778
120955774591744
116183641743728
145700091960
299932796803974
538685472932942
173684916029368
267872101298
192629372095
107891202579574
139818888599
124678894232869
141614095866365
169694033165986
106003956105810
76603686939
193434891255
290082957673364
191997080843432
101940362830
36469787004
296723167013939
932050983481260
85835019199
153969771287315
152216134801124
330889510377599
135359223179890
156957220983918
108513889177876
175894915759172
216848251678553
198736423627850
541582129211964
116253781735673
286184768122599
134751065114
126496880757942
179968447995
1805896919645897
420381021379276
111923415485749
102575986858222
106334743163654
1470032159986919
301089296279
1551583768448498
699299043503234
238298419915544
326158948121
292925304217346
31051359378
115908518768680
108875432906
847304361972594
416609571688003
503302036353139
153592315211127
1688450511479270
74170276744
81029443990
1243204719092292
199442976756543
605064102849630
36103893402
737325516397674
119633874719553
182768681470
444125570150
135693839902125
376010952474137
288208657992833
932965253411571
196865500364447
1326878274062090
1291924850925697
100858083292512
49480797348
105761791326
66888625882
623871151132201
14437913539
1460587874155096
240418672642853
104797336297210
194875457203546
133651787185700
199917960024521
194920100663884
1601095123519629
35475069182
644541985628197
341328815889327
1487846437949225
238448656228
1897933583777084
105627126166275
135224513195762
118852951506737
671389136364583
197697625733
143477609029594
1680664462250041
60357336450
241060960466
142947196608
40687208279
225863970800713
51495526282
1549605578607964
104123649624384
140650135970387
240793813013457
241528305074
181149595231992
190798014462648
81705408870
42706081333
491027747588867
824047037631632
1541537786166330
371031976288166
238078602902148
162651153768836
210072472452402
198553986885712
109711849055985
92273935875
120702984703812
142336689146311
7826953993
408180232552898
24193833793
338274016253608
147673348627940
606116549439366
459628104057875
475024575949311
106224666074625
107530665999609
201485813312254
288251364876551
118955581450294